# Lewis Data Set

X <- c(682, 4803, 736, 3574, 3905, 6959, 5062, 729, 3760, 1862, 4245, 
2654, 867, 5724, 1151, 1085, 65838, 91491, 498, 1768, 9322, 49474, 
36674, 63624, 666, 3883, 5197, 2338, 6055, 2120, 6294, 7467, 
1162, 839, 4610, 4291, 119843, 4464, 33147, 69353, 4485, 5131, 
7022, 6107, 4600, 1574, 5017, 5730, 5209, 1360, 3986, 4584, 62371, 
24475, 57554, 496, 925, 2488, 48671, 37991, 62204, 605, 887, 
6332, 2925, 1469, 4019, 103264, 36114, 69902, 697, 1299, 3781, 
4138, 5624, 919, 1714, 2309, 4358, 5895, 23039, 3944, 4435, 5549, 
969, 5143, 2844, 9244, 4853, 4348, 820, 5021, 3358, 1784, 5839, 
5015, 5241, 1508, 3250, 3146, 4001, 6943, 1714, 3506, 5216, 1748, 
1253, 5328, 4404, 2990, 4432, 1650, 4603, 930, 19176, 21843, 
4310, 1609, 914, 3693)

######################################################################

Y <- c(49, 356, 50, 269, 308, 543, 401, 44, 251, 143, 300, 181, 55, 
385, 79, 78, 5032, 7680, 33, 136, 760, 4115, 3073, 4983, 44, 
322, 299, 188, 434, 161, 420, 516, 93, 60, 296, 322, 10994, 320, 
2750, 5951, 312, 358, 357, 424, 352, 109, 387, 453, 406, 93, 
343, 344, 5225, 2167, 4845, 29, 76, 152, 3984, 3281, 5102, 46, 
65, 488, 216, 113, 301, 11276, 3046, 6005, 47, 106, 291, 316, 
453, 75, 134, 185, 333, 476, 1779, 322, 354, 423, 81, 407, 198, 
669, 359, 336, 53, 392, 255, 140, 472, 355, 417, 109, 255, 237, 
297, 521, 128, 248, 412, 134, 88, 428, 327, 230, 328, 124, 377, 
78, 1504, 1747, 323, 132, 76, 272)

#################################################################
